629
661 20
48941 87312 32402 83190 46618 77606 50977 25973 15297 26557 49350 31489 55860 41272 44823 15973 86001 9112 5110 66405
8728 19
71936 35203 33260 69082 65433 50050 87702 32405 56671 10134 74374 73194 74978 35881 72584 47730 18116 81479 15654
2044 20
29958 39554 69029 71861 27066 89068 25945 63471 64546 92294 79761 7230 69976 59429 90947 34336 2766 73699 63723 84863
165 19
70232 77458 56855 28355 37089 6338 82111 76135 81958 78600 57068 71402 78531 77356 91426 51720 33518 88798 29967
1356 20
83283 52190 15920 73445 49706 77787 89796 40507 56979 61543 74453 1718 98328 70779 66975 63860 57786 7850 74656 13975
1401 20
21662 36831 18325 32087 99567 40839 88283 25313 59882 89744 35776 650 63603 33765 10209 4430 85309 63672 77727 41249
9847 20
40102 53569 49572 25360 83320 76930 96190 11764 81346 98774 83562 67470 90236 51583 34886 42249 31148 86436 37905 85170
9692 17
991 12574 90107 94674 59362 89000 4046 53196 17138 49181 6893 38246 70740 10196 45235 44492 95232
8839 19
73517 93992 13780 11548 81713 62467 17418 61444 25692 80409 4964 15830 66404 30601 79479 48420 24954 25978 76776
5006 20
54408 54828 50106 68314 43268 21514 30427 91079 53649 6050 25614 12938 18289 57867 64415 76702 46101 95257 35815 39830
6897 19
56907 95402 83304 28038 71074 14860 10856 3932 87937 54263 6564 43423 14925 48793 75602 16476 73295 54084 37550
8738 17
34438 20614 68221 1081 46844 42857 89237 2052 92795 33701 88550 485 69069 47390 10840 36519 41936
6185 19
43886 64503 10957 26521 88182 94908 13777 85140 80553 39140 75533 1550 81670 50605 47875 53631 4259 92901 49168
6370 20
33734 88380 46583 427 32239 37690 34253 18097 91160 32566 94898 93870 93433 3501 84683 48312 43840 60385 40362 25601
8591 18
31632 10379 50910 84079 55863 31112 79328 4367 30074 78446 94483 64419 92938 60267 60237 2595 49613 58214
5971 19
29132 22135 38344 22971 30555 74513 36326 83747 37400 48281 66882 70249 29902 46878 26586 59170 89985 17058 33269
1551 19
57630 56068 37223 9404 57225 8504 4790 2684 97317 68416 88606 44066 60973 97265 34746 12481 51535 41567 21609
6235 20
54675 98310 2510 89751 51514 33564 21213 14188 78483 27975 20599 23126 10813 67868 16201 74048 89434 85956 44347 43368
5555 16
43114 41617 26780 15588 5128 48511 40617 72557 77368 44824 52666 43089 53231 21604 3773 88406
7833 20
48921 80729 81100 15040 75439 28263 13413 27970 6455 13335 25955 76171 17284 55296 951 77924 65603 82706 28929 96292
2798 18
62930 13972 5547 90997 55073 74714 25320 24639 58337 28463 39151 96876 7485 79291 3363 51701 2298 36023
7709 19
99195 24499 28069 69407 9816 71892 58854 6194 78733 23021 56021 67654 91415 53259 88615 70512 80735 37972 17174
2541 18
23352 96147 57554 79040 25662 73929 12444 32094 41831 12038 54239 98796 43459 29965 19302 59039 14967 5197
5390 20
1629 26973 91957 41659 46059 96555 76674 98409 37734 9937 80485 5053 65140 61675 83944 32506 75021 41223 6763 41258
1985 20
21711 53075 17474 61947 55034 21684 79703 44967 75766 36762 12654 85728 46771 50199 52897 15175 71188 21898 72046 77460
7104 18
6640 86511 88759 92978 52594 14464 11303 87687 54403 2984 50761 80549 31313 13281 61556 72320 71194 26014
2830 20
73779 43765 27169 2816 85802 50999 24754 93477 11521 52506 81508 66058 69904 17347 2023 22923 62515 74125 3571 65030
5065 19
32542 28614 40458 9950 71471 311 6870 20130 3096 69453 75917 99038 63892 77520 71880 28703 62380 89812 99758
9221 19
76388 57012 19985 67088 26344 74554 24514 70487 25306 52725 29873 90500 83297 88825 86722 93774 8245 88738 84026
1561 18
30326 71237 38789 92091 25619 18027 58267 92126 9880 16710 37006 87458 53032 16984 90433 5669 37612 27889
1618 19
30016 59773 98289 41190 34808 30245 19733 97250 2216 37148 89628 52505 39408 59552 81907 27330 43601 36 16210
4871 20
920 12492 79041 29616 52743 42134 10014 2030 11543 55914 58146 68337 17652 50357 83073 98377 18945 17164 66996 72701
6253 19
51545 43682 10342 66108 98355 77863 34810 71436 81202 51490 43797 83025 25956 9713 56995 98882 51496 1822 96307
5023 19
71227 57179 42712 75447 32205 66078 8667 54788 85676 13803 72850 31201 82184 73933 50887 5825 90649 87136 44869
5171 20
16578 35832 10543 49129 52278 83485 98516 58294 59834 71222 53013 31258 22050 72825 72316 8111 32968 57161 30835 80163
4395 20
66605 93942 77725 91034 9978 90725 91851 84928 93784 48010 82899 80554 14023 68609 78663 12772 94303 69050 97933 19596
820 19
17999 52153 81969 83119 30251 60338 20672 8452 54419 97361 27479 88971 82097 26664 9376 44633 86250 44370 66360
1812 20
90159 89310 81393 52135 40192 89741 97811 38890 66766 85113 78702 53322 87752 86931 87679 65584 26813 54479 78892 52496
7407 17
71967 84012 19051 99915 65910 88573 17054 56070 58136 75113 18397 5091 72956 90246 64217 46170 41471
8902 19
33301 22675 45112 94621 37332 22065 32830 18407 60157 38268 42818 24014 40132 39516 45574 96807 63862 31122 51948
2737 19
1780 35484 13839 78710 64827 77444 89450 43703 40330 46156 3905 80130 33748 31512 9560 3325 25708 87118 78758
5857 16
6504 40680 22716 72811 85184 94779 99699 7444 67607 86694 44471 65193 25390 58643 76320 32808
4386 20
55589 76411 81146 63486 27770 25605 55159 51559 8144 74910 53983 20278 58984 1441 41768 41057 51286 70149 2757 50686
3854 18
2245 69562 45850 6534 36681 23466 80787 84046 23882 76913 94929 20817 92790 32246 28893 28622 27739 34562
3679 17
43919 30290 53944 77953 73279 33897 32628 49586 15648 91484 54193 20209 39446 8895 23169 73820 64846
1661 20
24511 85544 148 52131 38934 31834 63329 54200 78657 11558 39745 99581 61243 51298 24792 88907 35534 41620 75322 86486
54 16
67037 84312 25896 13920 66803 72890 42403 52778 1443 50638 97254 81349 16396 49211 24468 30585
8366 17
92987 85671 42380 28568 10967 83581 90808 83744 42059 48329 53228 6347 69000 38146 65423 87384 57116
4255 20
81866 86820 56287 86341 72649 86205 43634 64636 77860 30433 96564 4701 67242 99761 82795 26711 80831 49819 63616 36939
6715 18
35878 70288 49510 96008 9544 69349 94724 95314 3598 68116 34769 21077 98111 26822 67956 75926 92033 1147
9027 15
30917 80014 57018 65839 672 33279 66363 7339 7881 32154 87363 96865 58873 65327 16771
4924 18
92541 59614 93078 48782 56151 13354 87012 66749 44645 21951 44115 66609 99110 59889 33792 71417 66797 6532
6218 15
28704 99660 71790 9772 18018 21458 11167 26004 97296 70536 93996 36207 78879 52549 90010
6793 16
5382 74394 79152 6450 33019 42097 67385 11329 35889 19311 77295 93306 57183 28348 17817 31062
6976 20
81336 89056 92586 97336 11231 2163 56081 92699 97119 69510 89120 74902 32712 66507 34239 26150 60936 80822 64849 33516
3215 19
97697 28626 87224 87041 76153 17979 23408 85996 45484 94834 56506 16565 29694 9127 56551 19258 48973 12289 85233
2276 15
16594 88880 49600 40974 53887 39529 60061 28198 83080 75298 80809 50057 59168 43859 22235
5724 19
83428 63547 24578 72830 21401 8025 43701 12844 3319 16663 13122 89956 53478 4331 91251 9003 93722 19536 64761
9829 18
56041 83501 86822 88487 64120 77453 20136 75869 3990 21391 97558 32779 67231 1070 11205 47315 51779 70861
3130 18
88641 56914 23567 26726 74193 74557 21113 79652 92289 51923 61595 31519 1414 82904 71423 16468 33482 59713
2366 15
77114 65455 49331 1973 51078 60684 39807 1659 49368 15075 93864 78503 31925 6938 90125
7197 19
33752 79354 40527 45087 9789 70548 60373 57881 37221 35493 57825 50884 22905 29183 47711 32052 85002 23852 17486
177 18
56212 95196 74013 35086 79625 32108 68856 58466 24856 38787 859 58838 63728 41033 86060 56541 45612 722
3092 18
56358 18211 77378 41758 28130 30594 53688 43220 52121 52667 31908 30153 97590 45266 68998 61478 76547 85027
7512 20
26310 13473 74 35094 60390 32530 8122 90572 88722 64121 25400 64757 45226 2705 76456 50060 76140 50160 93792 63912
7491 18
32661 60681 24104 14389 29611 39743 21049 67568 89044 70505 75423 25513 39338 6316 43424 48935 8221 69142
2664 19
52093 54995 84514 69525 70202 65434 57718 47150 73448 47589 80596 57976 96111 31295 73485 91693 60287 30059 39531
7841 19
53855 51679 13603 47100 18316 24318 59880 91832 29602 29245 38953 73346 48987 34294 17413 32406 72893 40280 92195
8033 17
2919 8024 90525 38348 44501 88568 46948 55854 41502 99271 73056 64948 85106 26887 68909 86261 87991
5345 19
860 89116 97852 15602 94530 98257 32964 24450 62392 72349 11138 17624 31374 36536 95436 90912 13629 30131 56301
205 16
48013 59987 38482 66489 17610 89409 35266 36301 64997 5036 28752 22789 15899 54398 81965 85922
930 20
15374 77709 50122 98123 69882 32075 60154 30940 68671 24536 24066 64593 64149 69252 62830 8878 55988 31670 68975 76659
2017 17
20243 5622 94563 97604 74179 75426 76967 3036 29367 17264 23740 62087 67785 57327 59125 8443 14595
8482 19
96977 78597 73754 63112 35307 57165 81431 79819 10884 67501 37324 61594 84574 47033 48488 80066 56376 15793 16809
2991 20
36568 38343 80187 71546 18985 82300 90602 69656 35481 465 85266 16259 37044 60312 11897 37961 44075 3424 5604 11800
6924 20
71058 52515 321 21608 74778 914 26289 11872 72342 79063 63846 85194 99091 17326 72444 35243 79444 74130 28224 437
3470 15
20558 98740 83206 73037 46955 33836 78132 77800 56067 88324 41087 72116 20222 44068 23632
7281 18
4425 53518 35664 83800 8971 33026 20628 12771 39968 64213 88047 87511 27077 15340 74003 3009 92440 26693
3525 18
60690 22992 53202 39839 33222 88124 26248 28338 90138 9648 72796 5122 89782 54655 97816 80204 11729 99793
5849 19
1608 97553 99523 2889 49834 44926 19152 79817 15196 89578 13806 75944 11766 80951 45652 45671 15950 45274 80858
6416 19
92349 45119 10158 52550 57172 15413 5425 10699 20964 99308 16620 31915 66830 95684 56390 81253 47968 90005 74318
4231 18
22830 93013 28 33514 81509 90565 37715 26108 83453 7049 6070 21764 96225 17548 68464 48429 52359 24035
8124 19
24203 92010 91445 60124 17381 43674 16017 73964 63901 96909 47515 64953 77569 20796 74777 9262 42355 69653 93906
6805 19
8175 5852 63182 87313 12103 12320 4740 21120 83178 49444 72651 83935 6252 7080 96088 51279 85071 20240 59020
9926 19
60582 88696 93284 90990 60362 71798 78372 83446 47992 61502 56215 85636 31119 84581 64989 28125 81947 96756 51440
9767 17
72338 84385 95529 20734 51380 18458 87893 27427 64491 20073 49839 25318 87193 67431 49889 63897 65146
1899 17
23284 60303 1716 62989 58204 38591 27669 57857 20237 18414 54589 9339 3380 32672 93748 42150 25893
7838 17
41456 59223 32256 4101 76370 11511 81182 23853 67961 44332 34832 10875 44970 80912 34154 3645 23441
3334 18
70502 52459 66019 8390 3390 78535 78792 25209 1165 72123 87949 95596 9662 86180 28291 67012 49268 18424
3483 19
90279 42098 11010 87119 51336 82304 72828 94901 909 87024 94004 37523 30642 18848 91934 88637 38455 69536 1098
8973 19
76599 8089 94822 80592 18526 32010 72550 35726 20203 75414 54002 42555 6258 65888 82094 3804 16911 43139 103
2373 20
92511 95985 99184 91996 57460 60194 5275 42763 81065 90410 29834 80114 79075 60599 80700 56102 90475 33766 12505 2562
4705 16
37941 9691 51664 92431 71928 26982 33664 24661 95102 66365 29112 15961 28939 58350 46654 27498
4320 20
22018 18150 77437 64836 72292 33109 38599 830 69719 23979 62707 6675 89483 1680 61953 42132 17619 48582 20351 15289
8976 20
99108 935 11277 65931 89239 74851 53060 12849 78872 73120 10516 7834 3108 64180 33228 82073 43847 99779 51487 6077
2887 19
52250 93017 80591 79304 49005 85103 45836 69447 81469 85251 22640 59569 83250 38765 9226 99720 51033 49829 36666
6669 20
59832 96915 92111 3242 85781 83505 23109 99363 42918 67049 70627 38592 85615 76938 13095 35314 77258 1918 1889 1901
2079 19
81842 82091 87837 87813 3333 10174 9323 47464 49627 13037 60294 65350 96654 24382 58472 72866 87657 49369 22275
643 18
80377 73064 23442 87427 71602 81916 65144 55374 62582 28243 99460 16021 4375 39678 84711 1126 8537 36961
8139 20
20698 57494 67726 30109 54522 68501 56432 99605 75548 98805 12427 8074 69867 93749 87734 10964 4255 15831 35907 56008
255 19
39570 82915 5672 46524 80009 5944 79059 94892 79133 61948 28377 34142 18475 53204 60046 1534 48077 94936 65354
6702 19
32460 89309 25794 18442 19296 36390 25065 65657 46273 45821 22817 75983 76843 41999 8808 81785 93166 63639 50753
9985 18
5474 86708 18118 352 81477 35989 4521 95315 46976 43277 39791 57997 13262 94829 27065 44342 31641 71651
1516 19
74133 89052 28928 6026 25096 21851 68551 75545 54631 96431 35392 99725 25771 88346 93938 7187 26779 86602 38377
500 18
57125 91652 66310 83347 58655 98148 78037 25274 65414 62468 99206 71608 23993 53816 94222 22226 22260 98225
8095 18
6228 22232 90214 90909 59218 56953 66163 55875 17722 4572 28981 47435 93111 13218 16669 80424 92161 73611
5233 16
16523 64931 55260 55282 97031 47707 1232 25607 93476 68560 84401 59516 88677 78256 33531 44879
8696 20
35619 45104 44776 86267 17085 89554 3876 87902 38304 24855 77630 82092 78115 2284 82577 94634 66416 42488 5076 65791
4019 19
46896 75900 24748 73502 77622 68577 8242 4418 93507 11158 45883 22638 28194 97352 57610 70984 86048 97287 17988
561 15
96955 95256 53763 74585 97761 8806 97800 8987 99897 85188 81332 72772 51002 25871 58923
6977 17
66128 32183 70449 71114 50143 34286 75975 32393 26326 17293 1942 99975 97203 16614 48057 70124 99006
3597 18
40462 30212 95110 15572 44464 11413 10118 37962 76133 43181 26650 84345 90342 82493 12667 73670 55285 59146
8449 14
14558 20646 45138 28274 80146 39740 8130 1067 63841 79160 6551 88496 150 18333
7280 15
80899 6392 93565 38742 1658 24479 5116 55355 35081 2535 88372 35778 5917 4380 86327
6885 16
19537 27088 17732 85859 63259 5015 92336 6488 51407 82690 55405 57256 37539 6480 66579 69466
2440 12
36019 32503 17250 95621 29022 52280 48961 273 51054 38466 44569 95859
245 17
12185 19063 26545 49980 74282 42277 9366 35988 85377 13505 21775 43905 33358 95513 21579 93787 82311
293 16
89089 32085 1378 30919 15322 88008 35161 19233 74344 52805 98159 66807 21757 87656 46410 23028
2926 15
54429 40328 65807 38518 73405 71063 64459 40243 766 79790 1535 3508 43807 58374 28810
1596 15
79620 43430 75356 60540 25014 30880 29111 76098 99733 15116 66979 11141 5745 19531 2125
7734 19
95387 92277 95683 76638 73853 108 42257 25989 59922 16254 60539 23806 12479 47672 90738 41152 70372 96541 10068
5664 19
90558 48407 99451 46966 62042 59453 89379 79939 64089 71750 92874 23238 56387 74449 23990 26666 47216 35355 6082
7843 20
20265 17796 13585 31208 40070 5667 9698 99266 45791 15016 3970 75591 40884 44404 31352 74467 42817 77573 38684 9526
7511 14
16503 31358 7833 33910 61640 75046 76480 59683 60278 56141 8434 86698 71537 77109
1732 17
66346 85095 77835 36969 86390 79532 95742 51465 83200 20354 35228 81321 69460 13456 36844 59602 13721
7312 19
50617 49967 62565 44421 24747 12490 47154 61924 94242 12197 88202 28791 58254 39265 61897 33892 27440 23031 18369
6352 18
42358 31336 45271 49638 61506 34590 27570 65044 40118 66726 43860 95531 23511 38972 64329 42176 77842 3993
1268 18
47798 98037 17914 42468 30239 12045 85192 73816 97669 80268 17540 21854 6648 2779 99819 5787 37784 68325
713 17
76825 61069 40408 3566 91155 87028 28713 45387 49475 28565 82198 32643 96448 89016 8217 52742 74248
2415 15
17257 74055 95638 94287 27490 83554 4557 80257 17962 42484 53402 36089 45738 86608 46548
2131 18
39127 40821 96117 57250 32293 28303 63610 30118 96149 83882 5323 4950 49793 98680 60033 35568 99241 70660
7243 17
30369 27950 76394 57434 83823 91025 50394 11852 60513 77263 24818 43122 36003 42008 92712 41457 50324
4073 17
2359 68855 46024 27061 80978 27832 28100 15207 74354 54761 55069 15461 10082 63376 53563 26997 42866
6377 16
59581 9703 5993 51511 8518 38727 27763 67396 27433 79352 9806 87756 53190 56798 19430 66152
4037 15
14868 98773 10238 57868 36940 47427 81436 84441 54646 25943 37484 15345 90516 79528 56820
9629 16
76914 33547 63036 69054 51633 13258 29531 18160 50041 56195 88717 60819 1721 30591 37812 8705
5167 14
46379 34460 48851 91696 36994 72007 38237 93921 73438 62964 19003 81952 93693 53574
7358 18
8226 6016 41726 81897 46729 65508 65619 36550 63957 45114 59605 34271 81543 47834 46203 67570 34122 88944
8521 20
64176 83416 49863 86004 86374 5922 3523 9525 52981 14317 66555 55003 92700 98065 53094 45102 75115 6293 94592 72412
2819 16
53398 37738 73219 94870 3543 84131 84230 49564 70051 75810 11173 30728 37410 66875 43177 43189
1927 15
40567 86437 73243 91736 23592 23729 3347 37925 57500 25473 77772 33481 45031 32340 27236
8705 16
90488 10597 95673 30052 32535 92879 96302 76391 6164 24516 36907 82756 90814 96945 38588 78570
4626 16
40041 93171 5871 59185 72668 43299 47208 61425 5799 55430 41373 31619 76669 47575 12639 27547
2842 16
35329 35245 86651 63993 42539 70850 4957 56372 64561 9960 63719 78882 44434 38625 82656 36178
3459 20
33307 1678 87515 77920 8575 57400 24874 22522 17120 25755 87562 75515 71217 55157 65964 10876 12206 53358 28136 97886
2631 19
28844 95646 53154 27196 41551 48846 91910 65968 46628 98470 51443 72913 92325 86463 39248 63405 11334 72613 30747
7291 17
22361 46919 93667 5342 59060 94577 91141 97174 12393 35956 95184 41236 72354 4819 29640 13447 2913
4828 20
19797 80928 94398 54907 45350 91043 18825 91838 24457 30359 66981 28147 51609 80393 32776 41459 24202 44288 11114 21408
3899 18
77763 94267 65256 57756 51086 501 14286 3164 37706 34694 31861 61790 39555 53892 62006 96065 87204 26833
6063 20
54575 67622 67848 78200 9552 95598 41516 96428 79788 1266 85987 48962 51504 36058 66962 28199 5828 91877 9218 50947
5580 16
59124 56641 40436 87843 70417 51678 17189 80063 46759 17645 44945 56542 11071 34412 91608 74674
5094 16
31735 82605 42126 66827 68166 73576 49277 45437 35863 35148 67580 88548 80524 4146 24566 34413
5635 19
71504 43377 86870 58156 54205 94606 61221 25642 60210 72732 32143 57236 21248 13394 85062 37473 76916 50090 23086
2995 18
21413 74081 1247 34544 52146 43436 9318 19261 18246 57138 63121 30202 52134 19577 30414 5441 84242 5274
2161 13
85231 60933 8541 77726 35535 42313 79403 33316 54735 11177 27813 90603 29731
3415 15
74564 55114 76940 15130 10811 51104 11174 9039 67042 61919 5836 68213 68404 57367 56476
4393 17
41944 37998 77553 23274 45930 83247 45703 7129 95520 61800 34591 90953 56902 96102 1359 92230 28106
4380 17
20565 20263 82752 43103 66833 52213 38621 93492 44273 11324 61185 42963 18963 5229 46072 45042 21474
9053 17
40703 71014 5886 1638 87880 16455 62941 99762 85879 60614 5280 47051 76721 89802 21702 55265 22199
5873 19
51111 42960 71845 52916 49162 80581 64148 25664 54746 72106 31494 34432 30683 68214 76811 97334 11228 45383 26816
7736 14
29918 56439 99773 94907 51154 69643 7897 77480 63164 85917 1616 32385 13898 17270
8226 18
55921 97687 63151 39877 1389 80110 32452 91670 94548 39729 67199 23282 89734 64000 62583 32778 42020 1636
9080 15
62283 62624 88381 36678 10837 22636 82772 71727 61045 50566 65491 25423 34134 95328 27874
3134 20
34939 78031 35068 85767 57795 66699 51206 85527 76660 34373 24736 76719 79014 48041 56152 55714 49408 67351 57609 96407
6851 19
7601 88250 6744 10565 53761 4614 88064 29042 34749 67363 13616 20274 58695 75112 19728 13606 80767 89482 10621
7644 17
43396 26476 71355 59212 89347 97054 43063 69898 62560 11830 14944 22370 79845 7510 86800 51970 14114
5761 20
90886 19707 82127 82537 22202 10195 17367 13204 70757 59747 7101 77951 58793 51586 90546 9465 83633 49440 58848 84117
1318 18
30334 99962 53550 80494 57100 10334 95654 98679 61901 55870 81761 31460 29097 44748 97398 33648 49411 82763
7839 19
53652 80364 56161 24635 33866 99122 60653 74508 26812 94038 16484 25222 33645 66130 4628 13704 25682 99997 67734
383 15
4838 88866 94394 94186 69734 91316 32051 92070 54707 23838 928 82241 20909 67988 4887
2548 19
32726 86711 57484 28728 32195 13294 33891 47803 86674 55805 45656 74100 75343 94111 84796 4499 79523 27691 52917
4074 18
2184 75565 60749 95481 92803 66165 33235 7282 15039 47160 87003 95431 39999 40629 87243 71391 99133 87114
5444 17
10256 61132 20854 3652 18930 47063 84560 98166 48021 6503 49271 18787 2622 53417 33361 65462 48914
2652 16
63502 9734 65446 65701 65834 15734 46407 67212 89908 63606 81516 91425 44178 31093 76209 22805
5057 18
98302 35107 51615 26128 52320 92737 91836 37004 20724 27485 37723 10394 30101 56288 69573 56493 54671 27927
2560 18
47035 50332 87694 47585 42077 98687 9355 3919 90653 30532 46678 23625 36243 53012 57157 54891 12033 61536
7536 16
10503 95902 87718 35450 98889 79130 96573 58226 61391 26634 13087 51572 29614 81698 13067 22678
8758 17
13373 66675 45583 57507 17985 77120 18403 74958 51760 95727 5445 88026 60299 49244 24925 68057 36492
4445 17
43752 62825 56712 43633 50809 86879 77720 60268 59127 73055 42766 32619 96486 73735 63365 88140 14088
429 18
50240 98693 9338 12563 74800 4563 69309 52052 90776 16011 34658 65576 97297 7651 74594 94069 22388 46763
2235 19
18597 56327 81026 65586 75038 95174 47269 39343 91372 60651 71171 90978 91502 94805 19971 4980 34107 31664 24426
7344 16
77416 66432 90169 12714 8712 77088 22816 26817 10626 61206 91488 48724 46076 36586 81481 65945
9821 20
53120 63208 39547 63571 59651 91297 32324 21714 93674 39084 58818 47720 56717 81806 78544 13743 77756 98068 95071 50004
7075 17
99835 92121 86304 80133 37195 2387 66289 27107 91201 71055 29624 88983 17920 52111 92755 69741 753
363 19
31948 37433 80368 16716 11267 97712 78075 97688 96606 42838 90068 53736 90484 82794 53122 65294 33729 40487 66598
1099 18
74087 3027 1075 4067 87950 9047 85532 36520 68919 45774 9996 74838 67660 89199 429 81056 46920 36238
1244 17
69323 4661 58545 65878 2194 9198 75652 73099 60745 60374 15399 98458 71236 8718 40847 30477 88658
7967 14
87274 43138 96830 20191 59764 76043 71696 70732 40555 81258 82680 3249 58473 48520
4275 19
46631 60857 63686 80892 86342 47970 99148 21220 71821 2809 4338 32042 39744 95189 86091 80800 93416 98905 92110
8330 17
75340 35579 80067 19806 17885 30160 63306 55804 35551 48779 27438 58250 62001 45963 59117 91846 86200
200 19
89919 26167 90809 66573 4363 31708 30350 97659 58943 15101 57090 78464 64627 95173 29706 31027 26181 60053 51575
6594 14
50315 54261 23659 31640 23273 87680 56405 86297 84968 83086 28837 78452 62447 67175
6215 18
17113 4949 29973 23386 11421 16553 94148 52762 4744 24129 2140 14576 56408 67089 94517 45216 49415 96662
752 15
12133 28446 16350 55619 93744 18064 61302 70551 31700 72792 39254 81483 26416 43031 91548
2900 11
63775 64218 51805 28661 71673 47321 5624 8159 314 21725 42158
1161 11
41509 24904 17614 57095 31630 50715 45754 83258 35684 47289 6615
6500 19
25719 2890 11085 98012 73916 9035 96711 78351 64823 18749 53992 23687 72995 4401 45027 99291 20652 73215 41780
3520 18
17340 84153 15055 62718 25285 15549 93530 6933 54409 58047 64111 77097 8184 15673 42699 98266 51922 82462
2941 18
26702 60521 48683 74413 4640 83131 84005 93261 39396 23637 39976 33092 99409 66681 88228 87413 6628 15166
3742 19
22010 98741 34927 57230 19787 93305 38617 40542 24138 39609 38515 12235 70768 90056 27890 10046 45008 53473 43408
3376 19
52944 45742 46074 5317 4966 9500 7997 27132 5472 69567 69095 33396 43711 80503 53369 70632 66007 44679 42109
8917 14
32911 3456 42526 38007 18745 65614 10177 14901 40941 61097 22365 60134 39083 6604
2147 16
14417 21848 23635 69647 58874 70931 87523 88703 76154 69524 79979 39926 94883 66472 46721 70177
414 20
58203 57632 134 4391 35170 30257 13209 3857 11876 12491 43849 47195 82540 55000 67594 72431 98692 78367 75477 61099
9772 16
45682 10161 77264 41179 10639 18994 71956 39849 1331 12919 34725 70656 95372 90925 20394 63725
2058 12
32764 85397 9370 20315 36073 80998 19708 37058 96608 89966 65925 51763
8070 14
2615 39913 9028 66976 81476 14443 56742 59182 93400 96632 45026 28071 52774 29981
7874 15
59671 80391 30154 29032 88927 88206 4589 66548 20886 24224 95943 7841 77996 43227 96421
620 16
33339 31142 90128 75530 86290 69387 52399 53525 11351 51771 76139 63067 10717 27378 51858 17004
5177 17
65536 98745 39707 40377 87343 62448 97785 37729 12620 93683 40825 40640 55279 31518 35665 63765 28931
7922 18
71172 98150 50517 28021 44733 97664 40713 55821 60934 53090 68941 27539 59814 66895 93038 27402 87544 30135
2611 19
20379 72537 29310 97483 2013 85641 57813 30014 35787 52184 29626 42207 20784 75980 71017 46689 55573 2252 70329
645 13
84181 55001 98599 29121 18510 6448 19778 41048 3243 26267 47155 34872 35601
9392 16
41583 92031 60152 16853 14097 93839 50804 17618 15826 4218 94867 61886 35946 95834 38506 12125
2657 19
12476 24266 47663 66936 60851 70935 67057 20372 29608 68893 46433 83921 86839 36709 69036 14268 32792 86153 42175
908 17
10315 6822 40632 79850 4979 70282 18170 20747 46361 53434 14943 95210 91148 69632 95934 30744 58626
7050 20
53270 34199 13613 40683 37230 11958 63853 85014 79055 21397 54619 37315 66657 45019 57452 39815 41269 35575 6540 84806
9250 14
64333 91350 85035 44363 81473 22362 56990 26902 40283 47229 50572 401 36413 13243
555 17
28172 79265 57518 37310 22635 29340 29929 67932 35007 11256 81758 83947 13054 26049 52206 52560 47424
2950 17
6025 33043 81137 20163 83459 42157 470 56749 63046 2368 40220 8942 7142 45889 60688 85026 51902
5830 18
60649 78489 12702 23539 13259 72476 72903 38494 66515 78890 24291 6634 69900 66499 72095 48468 88894 19095
7819 20
47416 71839 45905 88097 42215 89224 58796 8183 21414 86747 20549 60221 53006 39170 32704 86604 1367 37514 85469 58040
2047 19
31450 16869 65400 85450 16253 81296 28650 75276 7932 37522 956 5708 80520 75223 44463 19298 94556 29083 10296
6237 14
91042 57855 50591 96515 14727 59450 44804 65844 39697 11327 85750 47326 35897 99963
8374 18
34529 23392 61291 30673 81036 3224 25691 65749 18178 66551 78921 40208 14795 25927 52819 42072 34899 36979
1302 19
59592 80925 70175 37395 33320 30149 87842 10070 11106 36161 78333 64725 77959 52201 60380 10683 80169 86249 44582
667 13
6535 49708 28636 42870 65505 84084 1529 6330 37390 92353 76211 6328 85898
2655 20
57456 69053 78284 5767 89725 80016 90550 55319 79903 20397 81355 33581 83632 64957 16138 46808 68865 29910 84924 18033
8178 8
9401 81080 45833 4923 53621 40020 50677 96730
5931 15
49252 96836 71799 99511 9728 40080 44063 27522 96216 25042 49678 65322 45909 33896 17093
7533 19
22825 20309 49380 50358 12511 37097 32632 52756 46742 54296 52024 95154 70435 43745 69426 43403 61163 87845 45926
9986 15
48409 4568 27290 7492 13568 11635 92716 18829 59227 3996 67087 53312 70134 48586 85635
440 19
97381 92904 75875 22116 72845 65068 17196 14865 96386 81887 22669 22051 52863 29751 90229 52208 64025 88277 98786
6956 20
23222 12022 24652 96357 51299 69003 51266 91610 39583 9618 35034 46911 65207 17917 41029 4121 51478 53783 44889 95428
7454 19
33783 47915 64954 70501 69299 86612 96529 60581 40925 36989 4424 65962 2689 31054 68045 78091 2732 62802 96982
7175 11
66907 75263 28784 39305 23413 28230 17709 68888 4082 14897 55577
9506 17
61131 32320 91177 53947 73605 13325 54080 28035 82657 2253 55571 95401 64272 48747 33125 52150 24168
4855 19
21275 49002 1671 85241 54726 96900 61253 51015 44135 42704 60112 68090 48909 46226 50795 27092 61824 74976 66955
9182 18
58359 90879 44973 30453 93808 70878 31401 74689 85098 70696 37440 53019 95891 90723 69375 22630 52385 58196
4316 18
13342 77513 87587 71294 78639 27151 14926 35146 5208 69061 37870 24007 33788 99961 59990 26179 66447 18902
7179 16
58721 36250 2258 68807 46987 41750 35544 38619 22200 37668 45570 53577 47013 95940 22705 41291
2138 11
20154 37049 4045 49068 59919 59528 76670 1663 43595 15015 25805
2590 20
59603 58315 54953 97615 34053 43951 83513 70859 78111 45635 37688 29997 5742 48875 24522 45069 66541 90452 42927 81087
9092 14
27133 70866 56179 39395 52279 14736 59636 33002 43902 83350 4727 61446 50047 14305
7984 18
44930 27980 6981 57104 7690 38861 57279 91557 40900 55615 78896 88120 97991 96995 83098 98660 59248 60574
6153 18
3584 66969 42225 66858 74845 99823 66107 84343 75433 26120 69519 51064 16235 72700 21525 60960 29233 9862
1189 17
18505 83259 27803 92432 97821 79407 87032 76647 24042 45900 15220 4207 96492 42713 95218 18054 822
5318 15
34553 38493 66705 59135 94052 29359 71731 32258 37329 35842 77232 8678 75354 37444 36895
7218 18
75619 17868 42873 41014 91340 46565 67526 32922 9385 10604 19101 45458 68180 21624 7404 49821 58235 88476
7099 17
47399 17825 92480 44858 42133 25972 57840 50485 55683 43684 50093 30175 72976 87543 80436 24441 87568
7045 14
67035 70445 17983 79991 43027 15855 53886 50528 46945 40769 30104 48410 20267 64734
2021 19
1843 27794 71286 50373 37252 78156 81421 71534 35269 23418 32198 37960 74288 59167 51017 34561 78468 12950 64069
104 16
25835 4844 91304 8094 34586 44000 29800 22166 8280 33150 99872 40195 1385 25130 71482 57272
5427 14
25335 48764 78939 92912 33340 16191 60495 95337 75811 28677 37203 70834 13678 96387
4830 18
90407 2082 65869 44469 43359 19407 52179 90737 12587 50014 47652 57205 38252 297 16188 9797 60012 31810
6745 15
62429 60746 88542 69744 35824 42366 780 52664 52174 44584 61366 85155 49435 26657 69730
9421 19
46482 45779 99889 9220 63456 86837 58262 91362 83448 2690 92428 33654 24786 56960 38279 33784 50109 50353 95997
945 16
70182 59483 64662 61938 33554 99617 54232 15560 17173 33302 62066 79334 73256 19221 46515 92601
2265 13
88338 46964 19445 2187 84763 21588 61153 81633 91725 67068 26519 79060 70665
854 19
41186 99670 68050 46127 41059 92231 24645 70000 20317 81781 40915 38894 59807 59064 78498 30572 5310 95779 59377
8618 12
15525 26628 17819 92996 13828 98333 59270 55352 21205 80547 84943 43686
5134 12
91032 41345 78271 73307 68890 41570 6727 98153 79664 97582 10421 62796
9913 15
86317 73854 34662 54421 5896 74864 11524 96531 44924 36752 27883 49953 79315 26746 6464
1617 14
77589 93865 59984 29324 3912 28758 2333 29606 91605 26184 19774 91056 47934 70432
339 18
55575 72357 17915 46187 86688 37593 13498 52082 34201 19998 36061 42160 43697 88088 69372 79228 27942 77635
456 16
55689 71859 18385 65439 18127 7165 66596 41921 62416 94108 60387 37620 87689 53796 9380 59989
3169 20
81404 68833 21488 88523 47381 91815 27517 50325 39686 21040 45464 14258 55535 32833 61712 27591 28600 83548 51699 97013
5315 15
89245 54183 73952 51460 22766 60702 9001 1134 83558 576 29853 19028 65764 46675 70880
7229 16
38439 47866 74080 56069 92067 60416 82779 44285 50216 33772 23014 23023 78364 26951 77985 83214
3008 13
31683 8538 30813 24130 30115 34054 96931 96975 18518 84471 22516 75415 99357
5765 11
68457 4691 88576 21176 65957 54227 37791 66855 15756 6430 86956
3737 15
43158 47737 85327 59688 21489 88312 12565 21407 70424 43515 34756 68991 84845 12217 59149
3025 16
89152 795 16177 78860 23992 75910 39219 10714 13068 78581 12837 25569 2813 33754 62511 14804
1438 19
68407 23290 2534 81831 97390 71586 70205 12833 1026 57769 42181 28131 2235 8610 93989 4492 78128 10044 65681
6859 14
46345 96771 8746 62573 36388 85409 63595 61742 55716 64498 58121 22568 80638 59782
5942 15
28518 16285 38755 7265 75667 97150 13868 36810 46122 4449 9609 84071 62284 71138 6297
4009 15
68550 23720 11151 46566 81097 12842 50902 48518 10299 19945 22849 6223 12036 88274 27711
7108 14
54978 90784 99096 5157 7068 68338 74552 6588 84838 48577 33285 12876 31126 17639
2826 17
42833 27031 27319 94735 69989 96238 65409 22339 89284 769 37111 6595 9304 17651 40478 8700 42370
6517 14
94997 68098 54157 30237 48405 15326 21435 96553 69713 56846 99325 82125 47637 77181
4319 10
92950 24612 49885 83203 61789 67521 5288 28815 31577 7365
4951 19
60464 83976 54317 96872 60946 68640 17168 17051 47056 80866 4648 94786 99435 84586 9077 81802 97325 58531 79988
8628 15
92518 10086 58598 90841 31738 19720 47784 78777 44180 72673 70325 25297 63623 15373 34688
1949 20
24096 18968 82966 71256 98832 52845 2883 63589 5658 7767 96757 99572 99686 77607 75188 21318 29512 46254 41367 1416
310 14
58340 56999 2192 17185 14930 83307 27463 9345 99948 18449 22665 91758 75665 53010
3320 19
29761 29547 74031 34399 89313 48480 43708 2011 70630 90812 11026 91490 30588 20553 7118 91773 41739 1967 22832
9600 17
84139 64856 87758 69973 48526 67015 29343 92817 19053 53341 35134 78409 77425 84785 36851 83775 56260
3423 14
76678 33003 62122 39312 39192 82192 48157 88752 58117 26412 25385 4815 75475 84195
5348 17
2519 30289 22038 37958 21795 16521 30371 60666 44592 63951 6144 42335 75228 92159 70428 9820 44219
67 18
97380 80138 38474 53171 78606 23088 96609 19160 43532 29957 3776 56251 8420 70823 43389 97315 66461 13875
1241 19
29536 35438 7283 31753 25953 30381 22364 6017 67054 32832 86125 58465 64170 38480 99029 90313 34500 47856 33262
5239 19
96215 93034 98401 60165 84253 40472 78457 72887 31060 60645 77807 77922 77815 48604 85295 32705 84030 84346 99630
1265 15
43649 23903 16146 68475 74434 86827 6345 12384 40536 15495 63830 72999 24675 19613 62157
5890 13
45170 21303 87132 51014 54564 2906 38068 86418 6903 59698 74252 21789 60359
3229 15
99601 45433 43290 25510 14939 60149 43248 45081 10429 35511 9100 76434 96380 65445 74019
1008 18
57938 78515 46188 13092 96445 51508 27054 27777 31576 49419 78428 2818 65480 52669 95842 84098 56557 16964
7658 13
8891 20970 40645 25826 48988 6353 16453 55638 62112 25900 47815 31242 82620
1778 13
8363 18335 44766 98875 51003 37771 18685 68698 57572 7926 71627 14180 97633
3840 15
96164 16237 5334 57288 77180 16075 82945 78316 22963 81718 85873 35383 99721 87178 21985
5013 15
12961 83254 39938 74158 67329 74804 8702 99669 94442 1295 83357 64550 94655 33940 96735
974 19
81788 50584 36841 18860 95871 2107 8501 18023 29246 52218 90806 5647 34577 44538 75170 50200 59541 81697 52876
9647 19
6639 93830 20992 36874 77077 22523 36307 29392 69201 25354 15121 35547 14951 3723 46419 25514 24037 95318 47109
1565 17
60497 21345 34472 94823 61342 97056 85015 96150 29635 71487 32549 91398 82383 19907 52008 72597 5130
4959 19
66854 38669 8115 81043 90498 18060 63591 34997 69932 902 3267 84925 20512 33020 3639 49735 43890 4300 29723
6886 11
18228 31876 27227 34128 73537 58564 5969 63331 98641 9162 96184
9967 17
18430 5526 26088 24085 19232 32649 74751 78113 45729 40981 83090 94368 31556 99313 51540 32317 71081
1222 17
18914 31943 47746 77507 76095 25850 6691 66617 13764 40964 75639 83967 78527 49871 18917 45088 66597
6209 18
98836 4248 82572 56753 83615 42256 74403 55237 94080 65669 31357 73196 23915 4664 50002 60849 4689 53650
1813 15
15149 72561 86728 94960 8506 31624 41353 71192 92945 32864 86714 21712 58637 55178 97048
2249 15
51140 60533 62091 135 78423 97907 81317 86150 17447 67000 66924 70160 1105 17424 29095
3211 18
23753 51082 33432 45273 57344 60062 80958 42423 2888 74216 75480 17693 71341 890 21718 8863 93215 87303
9275 16
10678 54384 84400 73807 20719 44588 52454 74937 24056 81883 34618 55292 96050 68647 27217 96342
58 14
73007 29746 20337 94469 38991 92131 54095 4043 76612 44540 82981 86222 45516 26116
2939 18
15294 83578 71221 60020 34818 48044 49061 44832 86735 92297 94255 58811 21792 20079 38351 45175 11719 82135
3892 18
20053 99035 36386 94948 62900 98800 67317 71082 22403 53692 80893 32622 12462 87941 42265 92764 86775 730
5917 20
95004 27465 26981 22198 49539 40222 10382 65539 61491 67427 62847 44745 61071 43678 84627 80670 78933 27251 75324 8769
3490 17
36562 47025 28515 28574 9042 63597 26325 38819 90057 9197 523 53819 16656 25948 73667 42799 26137
9423 13
36085 22882 45286 49658 90895 87100 54992 5340 29518 73513 36838 23440 12736
9739 17
68408 75752 59011 52009 65235 47914 62526 18494 83135 5553 1930 94857 67310 50398 49512 5857 75047
4592 16
22756 11984 50130 2737 67041 94241 7033 56565 66520 32609 62166 73461 71248 22769 99838 128
9760 19
54485 74169 31786 22413 10930 70395 18717 17563 37745 13954 88970 24160 79470 74916 36057 55041 88640 14682 91632
9588 16
45766 52079 99620 82776 2915 77918 72607 11697 51868 32837 71425 61586 45047 23697 17909 20609
3548 10
40089 7620 43615 85798 98495 15037 49240 69461 72581 62046
5707 18
77110 55450 94206 85162 73003 64178 76052 46879 82908 45800 24447 88993 29307 1421 52522 69918 49598 10591
1181 10
5320 29214 27377 28042 4193 28899 92124 12567 78261 74718
9350 15
52026 21805 86116 73452 12312 85579 35891 73293 53856 97322 71105 71689 43367 6068 74829
5113 18
40419 63919 27943 83827 9777 26368 96410 87593 26672 92685 69790 70484 14354 81601 21533 4515 10913 69974
9149 15
32620 10985 96588 67873 37557 69311 9349 2335 36627 91243 73783 6371 13653 57954 54782
5666 17
99373 64346 99441 57402 15219 98253 35070 37384 43426 7042 81153 84008 59019 57680 61210 78212 16932
7219 16
30095 80035 10232 61498 83244 65577 8046 79025 99905 52610 56374 81402 95844 76261 46688 10771
6486 17
11390 49113 66215 23532 89846 91344 6411 47806 69965 83365 44642 9782 71116 62904 91195 15388 46936
6441 15
78139 30909 89384 5683 2647 32392 48752 68267 9868 88836 85948 74361 34475 25434 72742
4170 16
24690 78045 62164 13380 21707 9654 8546 56800 84045 22287 52006 39584 83717 62841 80354 61321
5123 18
68230 22311 31182 94583 73875 87725 4620 19589 44 33095 44326 87570 18712 47057 32289 35623 26371 60536
3978 18
83202 79777 64383 38070 30858 81877 16539 95845 63814 23535 92462 8031 64152 16469 14252 22060 37725 34379
9432 19
2249 98418 56335 17858 81542 95835 11634 11793 69921 82880 89583 29522 43546 76675 34357 1915 36104 16250 42127
2959 19
10966 79181 53266 21030 24428 59342 78222 95288 7950 45449 90280 52491 34390 37926 52099 87495 47127 93502 50771
417 19
1989 6910 94957 53611 54617 35858 275 15324 96586 66048 10368 24763 99685 93582 60189 47041 23860 42052 95889
6857 15
15612 86137 18415 61611 70698 716 20089 62817 68854 63757 86539 59017 98015 87451 9302
1900 15
2202 63098 78736 84127 79683 95164 85919 39581 74098 44343 23406 16673 50534 37072 8321
909 18
89774 1692 87173 17502 33171 23621 27663 24854 75877 65927 51278 94417 87262 3975 8163 92502 53707 68062
7727 16
68591 17593 29801 91238 64528 56360 55257 4853 89355 92711 29373 10655 87259 13749 65973 29875
2890 11
60955 55383 53382 58072 64427 8520 58129 58257 87869 4120 59460
1023 15
9084 51587 94739 10828 85591 97098 27354 97587 89160 61112 83452 55186 99039 43370 30515
7366 16
21410 8121 71278 97508 63615 43530 70600 99933 83223 19856 50284 36123 17681 31079 62596 74171
7803 17
49077 44789 74195 71749 77821 64949 29809 15174 22727 2896 4527 37021 12753 84449 27483 37234 54908
144 17
17601 19783 36936 74147 66224 51871 82815 81337 5168 98171 431 82951 92868 44290 22337 90129 48185
296 17
13112 53679 20885 34006 34131 9523 80421 62489 18247 68972 44461 32470 7083 95246 70315 5286 18353
9200 18
95783 40998 49335 23736 5786 75076 72874 94798 26733 90870 81025 86219 59635 15517 8628 13319 23611 21877
4633 18
16590 73972 94199 77396 38658 20706 26653 1542 27747 16914 78025 5107 48799 68795 55488 15868 51555 542
3218 14
97500 37840 95143 59691 5162 1010 52401 23072 46846 86848 23405 55521 84101 65795
3557 19
32255 10628 92543 46084 91890 67424 68202 72189 29299 13712 49773 74202 74924 88257 82178 48606 63197 73815 78521
8642 19
57282 55907 35326 73628 24376 84091 94145 6597 13987 87733 74503 26421 79253 62339 18130 51920 48531 19957 99333
7630 15
2334 70287 37838 23548 58172 82939 86198 64382 60555 92006 1471 79061 20506 7311 47513
2054 19
92636 91659 1710 6185 27668 44097 85047 64013 64706 45711 15150 57039 80293 78287 59767 94677 2201 93387 38213
4630 18
91356 7100 57171 43959 69243 368 84719 84525 66660 28823 7177 82768 29479 48216 47610 72945 54033 67946
8071 18
68148 8203 98239 31251 42564 63465 48279 11551 66959 35357 2657 2861 15452 23984 66947 35723 81873 49774
7120 13
92811 52987 81466 78578 55580 49243 86758 84236 98211 19466 32987 58277 46518
9752 8
97353 51247 3775 43989 27738 55576 19038 7306
4975 17
46795 82202 31058 50453 59131 4055 34111 44093 17712 31660 9209 32445 95820 8832 480 77534 27153
3591 18
74472 78294 24699 36412 43479 82769 97822 69047 27866 58816 83310 47889 41652 86139 85637 7495 75978 31468
3547 18
49233 49047 67381 98490 66303 11006 19858 71151 68263 18037 43770 46446 43386 79320 8106 76963 34331 68797
6446 18
26401 15900 66792 68545 68205 46530 53448 69144 36923 35735 27618 83774 98393 35871 99013 78839 10142 58291
7666 17
57985 21917 59732 10829 71368 43543 72848 62577 23158 64442 4587 74893 67198 35764 12676 6528 7657
6342 19
92024 40639 83420 56610 14438 78035 17891 21926 72245 32670 7859 54197 66637 69395 9810 92418 82294 55491 15146
2678 16
35126 76421 29041 77250 76691 1318 76991 17356 90922 12219 29025 57883 69205 37851 36316 67809
4106 16
20739 30996 4571 44682 74113 28660 60014 45631 84662 52055 91470 62699 32081 10172 8488 45410
5663 16
47686 52013 19879 37358 81716 62251 56926 11433 70280 45285 27257 88330 44041 71284 44330 71163
1453 19
17714 25123 54983 15385 56190 28208 24651 38811 66733 39332 49749 74243 1339 59341 61255 12015 70749 68226 51412
2904 9
19713 55723 27446 60058 54135 31835 94923 42921 91335
8665 13
38066 37733 41039 39045 23743 77940 11950 87357 41158 45781 52747 70889 28944
9550 20
16900 13768 62462 78565 42609 41342 7589 65218 72705 8236 4066 1235 72989 84170 77601 55522 24547 62549 96624 94058
2032 14
37577 13151 26930 65662 30203 38220 98878 13168 38720 45084 91965 24656 22799 74328
8531 20
36364 65222 18210 51681 98543 47191 81979 29678 64312 76901 52444 87376 36051 95539 179 1931 63130 30210 45256 31881
1922 15
28272 66594 78341 46302 47480 33006 83563 13471 10999 65637 56722 93974 26616 61330 12422
147 19
85475 37898 25669 55169 77014 37483 53926 37740 14550 52718 63425 73296 19749 94927 22178 10586 68662 35845 88118
1506 15
39132 63896 26680 10774 98002 35612 11935 32575 76033 87382 95044 16653 81939 38992 45517
7142 15
43691 35387 19387 69766 72642 5224 61807 1585 27558 67052 76010 51013 98014 31774 1536
3564 16
77305 1094 59508 5687 67647 85539 22124 50257 92079 62024 73121 83454 90183 82267 61102 45590
7330 19
64336 99326 62727 36096 62179 2640 28662 43214 1405 1190 50827 67048 73596 7272 46124 98435 93978 49032 82553
1803 20
55820 11354 66257 6187 40407 20220 4746 88812 30171 99296 99959 65450 15430 29714 49557 60834 74092 90642 4666 39287
4024 18
85138 7872 61395 25713 67415 62073 97843 56000 74750 47185 88984 40333 56147 96867 67597 74278 70994 71113
3761 19
11607 51684 32960 63048 9296 97569 41286 36152 58738 39340 55676 68579 6914 69288 68646 88316 89142 95687 18111
1881 17
16636 94354 83172 75419 83101 16820 96438 47256 34215 85142 64080 78926 47075 4079 82864 80149 78220
4775 18
39341 78072 85930 63833 80663 3796 51815 56806 27594 44376 18438 82844 76773 46064 22934 24571 75465 40231
2951 16
56678 78981 89841 29082 54790 77734 4172 96783 66648 86411 34519 42972 39796 76428 23275 10617
8101 17
85863 77330 7489 18975 19326 44892 25853 9825 11981 4386 69595 87425 46390 8586 96290 69837 87912
358 14
99987 72306 13196 74558 69733 92882 26921 25027 61764 82429 24525 80552 17648 71018
4486 18
18005 32414 2710 98899 58740 32430 92910 85850 84361 15357 62927 89647 88634 7655 32746 64356 66033 3231
6871 19
40071 599 47629 87851 67662 31515 12282 59306 42836 36149 80127 74615 74736 16615 59246 66013 21581 39044 13601
4604 13
82423 12035 96775 63847 97600 66708 2724 98772 43924 39649 41997 15376 5038
6733 13
26945 93077 40005 89258 49628 29486 95617 15119 99115 22144 37530 16580 43975
2786 11
15562 88803 99560 7537 53376 38790 72419 55427 25368 27246 34993
3792 12
75482 9826 52065 47166 8578 32753 92435 66718 98249 1767 52854 1063
5771 17
86501 33122 1209 24242 99914 72219 64988 59863 66534 3612 75809 79899 54432 93188 49265 33987 61655
3347 13
18047 27081 63909 73956 39798 79488 46296 86885 58386 73455 63417 56624 24924
8381 18
71304 77955 80165 67433 47617 73556 19668 4713 68023 60797 35589 65589 1217 57847 79498 88359 31023 35758
2331 11
99421 67429 47495 77431 7728 99841 78051 35191 82730 79548 86018
9399 14
72644 58992 61898 10385 57177 24519 51538 91922 18540 66141 21818 55071 12168 24630
83 13
28287 31628 96069 41578 72666 13463 68141 43912 83179 85294 80483 17989 20825
5200 16
739 17045 73487 16919 38119 46191 66843 3784 60888 98368 90506 28276 60617 58521 59035 60677
9508 17
24235 75059 85016 85823 14879 67267 98168 34392 11493 97151 76912 40741 5450 97289 7592 12510 78213
3686 16
86381 3504 64481 48373 67725 17946 48264 74785 30454 8515 5290 72494 50903 75781 85782 1455
9775 15
63160 77427 96993 79094 74620 61448 40064 91818 58834 4152 7553 65172 75873 51106 10071
7674 15
80350 13561 85631 99203 33430 83532 38030 40955 92671 96371 96548 34604 22822 23230 48355
1766 18
53596 67168 24458 81273 52409 72289 74387 61094 77826 69757 50775 13224 75892 6660 93776 75696 12421 554
8262 17
14172 60403 48694 34545 38939 48070 11053 30397 4437 78104 98408 55618 48142 77806 54072 95669 13390
8580 16
98908 71742 88493 86452 59259 39339 82671 87049 29500 29915 61599 99132 64737 81463 38210 75412
9007 20
81262 60182 80618 14445 4163 59658 12347 43561 14134 20795 44806 20561 29593 80807 92554 35901 95500 83338 84699 5882
2776 14
29441 93717 21246 78989 59690 6571 12399 12978 50711 85673 20680 39135 45737 18378
5895 14
85487 24176 39803 26288 48597 70738 98518 10235 32811 76260 41462 18396 23350 93298
3740 17
81339 63558 58495 96736 46351 16097 27039 89604 66815 58097 54151 40681 37086 28429 70126 74579 70845
3991 16
13418 76039 60091 84748 965 19820 53412 20429 90156 47613 18276 89303 14661 63001 46311 59533
9806 16
3034 27565 5897 66069 23799 91531 48636 63040 51194 25166 32539 75753 90405 26491 45685 5999
1967 12
43927 40905 8369 33135 86026 92869 43534 5236 44470 26335 73638 40595
4343 10
98181 6854 2801 51840 27144 14267 30423 98499 63682 7638
4893 11
28005 30989 75560 30105 93129 56984 77511 45773 96674 37160 4774
7060 17
93846 27679 36746 43941 55985 13396 83866 24093 7246 77052 87369 28890 24698 75704 91064 19290 60798
6618 11
78488 45396 23316 96378 25153 5349 30485 54774 69228 43613 30986
3981 13
34633 47001 29189 15513 11556 21890 16378 53195 24824 8408 29157 4900 28564
6341 16
15046 47705 31193 16889 30680 99801 45482 87037 11775 76234 33842 88964 65179 13191 99253 50354
706 17
20841 2800 33992 13147 15331 28375 2442 10091 9322 90300 1804 68665 20981 96598 10130 21956 27067
488 15
68035 42727 59801 35973 83896 98260 26991 47487 8544 30759 65211 9180 28850 65737 77241
7586 16
84757 80378 79659 49041 72084 8613 27731 73573 79780 65559 34950 95048 46510 27049 18042 9314
5408 16
19633 66077 91673 17041 17215 29436 18040 9079 54368 65560 80071 74655 48945 76400 76681 16106
9992 16
65697 18310 63811 12834 19245 84675 24118 50037 21906 60898 65970 2448 94642 54487 28487 11896
1310 19
21496 24043 84607 58675 58607 59988 54090 83275 29304 71875 32186 66170 57469 72089 55867 80156 21089 72820 29655
2565 14
67723 13699 60170 1357 31243 98444 90677 53394 60023 92265 98761 1581 45078 77450
7339 15
77692 95078 53848 47960 18156 43162 32093 56101 29228 27500 5671 29480 72783 78398 99861
5502 12
50235 538 86072 95575 44134 31933 74739 59022 87547 66290 7192 77010
7496 14
31034 28470 89302 15189 42372 18581 83511 72242 42525 11057 1708 41918 19343 32602
2957 20
86534 61837 54493 55932 85993 47661 92555 23816 30778 58996 9027 92453 65272 7117 98914 14432 47103 32919 53080 54888
180 19
22770 56086 52970 71005 98128 862 79716 20863 72660 75870 84541 97815 53633 57753 65750 31588 87213 35394 54866
4416 18
12537 45290 15752 12644 24001 89933 42419 10018 89128 6304 41730 30739 74895 88200 24180 91576 2452 52954
8587 19
67325 4685 62910 76951 56007 61696 64378 35465 37892 89433 96446 44756 2274 32612 61852 79082 47251 75555 39498
9836 17
15151 78858 64956 32683 72558 92220 84746 85288 65991 46523 10156 37094 34747 49563 32046 63244 93608
1168 17
30282 62748 19358 18339 80615 68517 38444 53642 83412 55040 94911 33938 35846 32721 87332 19266 25875
1584 16
80641 55911 51502 39082 13976 20516 67789 21771 11055 35610 87744 92745 95584 91937 41634 30631
2892 19
51425 30672 26190 51820 85247 50451 37513 56667 55996 15090 20135 74543 20815 53745 9474 4658 72634 10531 69949
3307 16
60928 23112 62701 61555 3028 29291 80457 25869 40813 53292 74641 43229 19159 24629 68951 24765
4286 19
68496 20151 73082 66223 8873 36066 24471 98587 97766 59139 68748 39682 25702 74607 37881 30247 19737 36134 94078
9017 13
91709 14022 5712 19329 91892 26768 60619 43329 91072 80430 42812 65630 95557
1139 12
20382 63126 46215 51672 1884 41635 13159 33173 24234 59678 80578 19263
1065 19
77947 91882 87160 78289 73016 93966 56400 54970 9015 76483 33295 36080 88148 59899 39346 28543 50281 9836 95946
7327 16
97546 91198 10089 2444 66385 50738 80916 62968 5377 72011 85856 7209 89861 69788 23059 56397
7400 16
13517 7689 74848 34825 8590 69153 89982 55175 69903 63989 57596 78907 61739 81389 29435 17790
9480 14
80537 74009 37602 42351 15794 54988 24088 50598 89930 58791 12866 7050 74313 7150
2844 18
80140 68704 60242 42675 33407 25923 36905 54250 41712 71923 7206 17128 26121 45857 24330 4865 37364 56319
9689 11
52717 16618 24717 82941 57232 92443 20901 26460 41822 99017 52173
1529 19
4901 41270 38199 87482 34145 42523 79966 77662 51543 65288 25606 6554 87517 72008 41228 41879 12962 9994 53440
761 15
82130 23432 21964 1932 76379 83408 83109 3173 78198 19086 56569 74057 344 80 48972
5484 14
59674 41165 65001 22448 97383 27715 50882 72129 34300 37417 13019 34213 30386 43379
537 18
81853 27234 39709 25397 98577 14282 26854 30595 85228 81256 86922 51889 76734 17842 15699 2473 98569 81581
4335 14
55942 63322 81200 80515 31668 32855 99288 29956 17438 33185 68645 39524 15255 99095
9227 14
54980 75128 42200 67461 30542 63726 66562 43939 98859 18981 38461 17766 14391 27902
1134 18
97847 75431 25465 54712 98064 23881 74091 20869 56435 73491 4977 64372 30164 23150 99114 86112 98053 58042
6006 13
70357 1566 60527 44847 24682 82593 47446 84040 80012 86144 22513 91153 8714
9955 19
73413 34552 59542 51468 34016 47250 81418 25906 11631 68997 79603 32652 91437 95477 48544 14402 57289 33800 83193
871 14
20914 61630 90507 27474 33691 20631 62292 94721 52377 68576 54053 11116 36114 30799
9071 16
31204 83218 95547 67721 40649 90759 41982 21056 71336 69935 86439 12463 9845 2797 96832 42509
8263 17
11126 28202 71490 46270 55646 2733 6974 64986 44886 67014 57446 87788 7696 1349 52668 76359 64885
9283 17
50737 61360 32820 23713 12928 69266 90715 91110 64807 66032 81411 54745 92144 52982 6947 32121 9580
3258 13
45434 57657 54329 95274 99284 71469 63097 12543 48024 4559 29180 77319 40100
3038 17
77961 35781 39108 74535 69583 39175 6670 78023 15187 77621 54771 6021 85081 42724 83715 87299 88556
8085 15
4954 97376 81805 55989 19725 92916 58823 75703 75493 24745 98690 87050 79086 66731 31991
9277 19
1677 75269 26618 1404 17950 82049 76296 52765 24431 8730 95698 61344 85535 32901 69537 16941 98478 71851 4990
2165 19
39897 5751 15537 41707 31359 34551 58770 30023 31140 14905 34105 66297 7075 25994 92114 34557 86229 83067 42089
322 12
37233 86071 22915 26229 52127 65870 72500 6746 11553 98762 96607 47789
2497 14
65230 17597 10644 81091 80191 30941 41298 89009 2357 95546 66535 33888 86828 11387
5002 11
31469 26815 79017 56284 79583 4951 10707 62072 18834 62394 74901
3172 13
96240 71744 47058 49452 63434 93592 60034 43269 79747 11291 64521 9062 8967
8523 15
55109 73506 6143 95623 67090 90863 63071 38913 78475 38859 60628 31887 14552 44307 18658
6634 14
48981 86293 2045 95224 67365 10566 14480 53104 11963 20489 14221 76078 92692 73348
6232 14
93005 79311 66470 94921 94613 11405 19078 94076 52136 39407 11374 31697 33573 24693
9291 18
61965 18754 49163 67203 31620 98661 55315 21108 85620 77294 70367 28135 26874 18872 43178 28222 6043 66701
2837 12
35309 91512 94003 93926 70238 60348 50938 43769 50798 57761 99704 42141
314 15
63165 1523 93867 44995 50012 59963 60167 22302 10109 84531 64337 88138 70539 92456 64334
1036 14
41086 48263 72525 32080 42501 52614 55088 68330 73575 39091 295 96319 46805 92931
1048 15
51088 48944 42369 2777 80509 35936 93924 87605 2719 98940 26530 73942 36777 46095 40363
1049 19
9900 3703 85078 54415 96767 42964 6246 52415 37155 97751 8378 96474 66147 75843 95406 18847 58459 77276 60680
1855 16
62318 68164 60793 73051 15651 59700 73047 98138 95525 29595 99613 9069 34946 97531 58574 42300
1412 17
25377 28802 52786 84700 59640 37952 15775 758 16953 6274 22126 12127 48450 89466 88743 95001 20562
6913 17
83790 14559 46107 90774 16714 87433 33046 64705 53882 15183 36458 28372 46861 47134 39853 7138 5856
1455 17
49776 84335 83228 42826 26347 28648 12021 18743 57348 39597 21744 1861 29948 49498 19662 75734 69716
4713 19
7840 20958 42024 16018 72070 4500 47016 6256 15110 97498 15233 2430 70362 79089 18798 86903 55232 20393 76521
2100 18
35894 83379 59515 79502 1945 53743 8045 35427 46250 81719 30916 5865 23256 97726 54872 54967 94917 61905
3852 13
77060 83839 58777 48069 187 77869 53683 15380 78232 40172 30191 74830 9965
5202 17
18250 60356 31782 86155 19273 21096 65496 84690 58369 62898 97824 34541 87187 84619 58381 70761 15311
7718 14
56013 62902 45232 68845 27298 43357 78201 87371 40897 35277 81664 60428 38221 62446
1340 16
48422 79385 26338 29399 66307 7179 83278 2239 7227 11220 46563 56105 9369 42587 18235 70815
5079 18
92329 40742 22152 33243 21014 89780 72914 5740 77706 96146 78166 56289 75525 65431 51137 81583 39335 76030
3364 20
9061 29613 63077 36527 26865 263 12337 75871 22334 40354 12458 43230 44704 65692 89773 57623 18219 16241 4523 14553
4072 11
49199 82737 24964 45975 79313 66899 72640 79547 20232 68899 27998
8363 18
86460 75160 19297 8218 22066 24495 10067 58215 52197 79757 90492 77027 21268 21457 17958 421 13267 12905
239 14
71350 73369 70868 72392 9766 98361 82499 1599 18522 89876 18200 37133 49031 12443
6224 13
88865 27734 29991 81674 59495 47338 29149 54759 34784 54182 83248 16667 99486
401 19
76985 17057 76566 56920 13170 58449 2236 54414 4749 45239 13769 26745 61483 75380 48257 37875 88244 86633 20960
3414 13
53780 47681 60498 46162 91806 37748 99745 44167 50822 36473 10709 61996 28869
8924 18
12031 37607 75238 70709 11531 35164 63884 74346 94983 39946 96539 82408 19112 35280 36417 18916 60589 3317
2119 14
95209 45675 12283 84550 27592 88212 23288 40627 4940 76818 93238 34485 10162 59456
8317 16
82157 57395 59359 44934 84694 55462 21796 63626 44701 52107 43630 55447 51053 23557 2789 87424
8432 16
5489 93899 84831 2981 38700 21028 66072 30883 85760 23004 23122 57386 98897 31249 29205 8169
465 18
32334 36875 11588 22169 666 54490 30843 39961 82793 1139 5493 48125 43640 57715 27856 31246 43614 10458
3691 18
66869 79731 41646 2121 25828 10688 74814 6374 31459 27344 43392 20903 27638 72906 65137 97037 11485 14220
9083 16
86690 83084 18163 61835 88035 40282 6584 43505 73373 87954 59202 56694 95793 44722 83883 64502
6995 16
65061 28301 95925 82356 31004 79584 59001 44045 88527 91388 64793 19352 61402 59224 31952 10252
69 13
61389 68154 51531 84681 86023 24952 65739 92147 5808 11810 61912 52387 35067
6013 18
30868 17529 71700 61328 16065 49022 76634 17024 26446 32039 45116 21371 87377 20248 57774 58394 35095 43721
1133 20
89093 48670 67618 35861 41188 21741 20708 87020 41625 20269 4635 80544 50898 23940 6023 84375 23045 24559 22869 28103
733 19
74547 79180 92724 39705 55817 92955 86454 49094 67770 13284 65928 10133 76251 80266 83833 95415 66261 27665 5837
6522 17
7268 41959 25184 15542 24622 39169 36097 16813 84177 15811 50071 20421 27841 69031 81943 90661 90521
7368 10
56298 83691 14375 91433 40763 15296 10925 11093 18208 67270
3545 18
70207 76042 62319 96911 94688 35466 90854 11624 51188 14653 67367 13834 78285 21320 40498 5685 24607 25525
8181 17
82963 39996 15098 76450 45999 80560 83126 34337 7259 52171 23141 74272 59532 29408 37489 56597 40430
6481 15
63549 14720 38835 97550 46228 62572 44018 95828 5972 72894 27742 25419 46836 37282 93625
7138 14
47439 80141 19413 70486 98936 73773 99033 16466 35017 44269 12121 88223 1335 24225
803 18
53927 70093 90712 81940 38793 16274 97193 67839 50810 13551 46309 87528 62986 31818 28304 80392 39931 8554
4051 16
80213 29030 33682 40497 1372 62246 65163 53869 98700 80069 68216 5515 8125 9620 17333 35248
410 16
86274 75795 16982 88539 51626 62165 2155 2897 47334 80829 65641 58919 41174 36890 78865 97393
3526 16
69986 11688 31730 23684 58112 4962 88159 55524 11525 98517 35922 74056 92743 76640 55256 18404
240 19
37891 72409 49892 21367 95355 1622 88217 76863 73126 54767 43496 69382 14528 76683 90766 28567 15674 69742 63303
2531 16
29046 73767 68589 98969 56128 29739 71077 82929 21480 9908 83089 17981 73686 45891 12755 82193
6929 9
37857 1246 41736 74880 48522 51237 91054 27730 59689
5760 15
36200 35401 58642 25516 31579 69294 28307 10971 46752 56581 3841 44614 32273 63832 27303
8513 12
78999 80326 8451 76048 63122 58511 23203 18214 90384 88078 31214 23562
9190 19
1958 45448 64270 18878 19799 36270 50787 26855 69650 73766 50452 36196 52626 81730 85464 6343 82163 37077 30253
7612 17
8309 88398 77412 30707 2306 86880 97292 12824 64181 6230 6113 43437 83932 59302 49250 20139 38414
1394 18
1096 11683 81438 88850 66090 54932 77041 94512 15018 15424 7515 31292 5295 39712 62801 15102 24054 63950
1538 10
89539 52573 41813 18017 28339 47429 42143 58325 26690 65580
1507 14
96383 62551 44935 23003 54791 45804 14531 21198 70437 84089 9953 30098 63316 958
1634 11
75776 5282 36241 90605 69902 18305 15323 87092 774 57740 42058
29 17
93750 80532 77682 66311 68449 12708 33042 69361 55674 33336 68691 77350 99675 97733 50056 23600 69534
8736 19
21646 8865 94262 80692 49650 69455 33504 33706 350 38512 16084 85576 11859 90079 60008 5591 51427 24446 25964
9523 16
15103 43052 61699 22045 83933 28505 19986 83295 85501 4092 78621 10946 43352 27261 64733 87532
9959 13
4214 58183 7285 44815 52749 26480 38560 9752 77174 14715 96191 6915 98864
4596 19
37485 76356 44224 20541 8260 47181 67067 54534 94460 52039 33631 30901 33594 39582 48456 94343 43980 43957 92323
6338 17
99700 12190 60792 87196 95615 90076 14542 24605 84191 50679 68607 73241 28228 45550 97460 85867 87956
4707 11
51038 61388 66824 22690 60478 95990 17278 26328 32447 85339 52851
4433 18
64294 46541 94976 51203 51197 53097 68362 10802 54230 12864 84020 43036 23365 63561 29276 38711 66206 66372
9963 17
54749 66242 13534 51392 11101 74257 43895 55717 32448 23537 34741 1914 27003 99824 3471 9928 47722
5064 14
58186 1436 904 76181 45071 36767 31266 55912 84578 92927 43448 57941 56560 65751
3022 18
38872 59416 25983 426 90683 3416 14072 61920 88733 30140 79857 9564 78659 12561 6089 73124 18402 1628
9323 15
56664 58795 64935 32041 94495 74911 89145 48421 83574 59722 75862 56860 91919 96985 79555
2090 16
67504 21720 37175 66998 61251 22846 98966 90703 40120 37520 27621 63277 64158 70369 89226 88459
1002 16
64128 51557 43863 53213 49726 79194 45978 38278 38792 19564 61038 9968 27661 28160 29363 75761
4709 15
47659 2950 48454 95146 2618 5092 99015 23260 21958 22896 56521 83375 32335 17018 99818
1996 12
30382 63868 73587 26562 15683 69113 24317 33775 67027 34632 40074 83088
6484 18
73073 64720 22878 37335 6410 39787 66040 91647 53319 70009 3922 26862 5028 86189 87186 30527 2347 65804
349 19
83215 64201 17897 92378 49971 45706 10212 55168 56492 71808 20469 87536 18167 93253 39545 59352 73350 99807 34171
4979 14
55331 34099 5945 52596 9990 18678 82888 57151 68539 69293 77280 52458 98510 37300
2595 17
68600 24051 65394 6211 14294 53077 47277 7402 43589 89403 37988 99774 85163 21527 32210 58789 4574
8923 9
19488 59575 81985 4086 60193 62108 52393 84962 51239
426 10
48728 5242 49744 6427 63707 89569 34598 47318 98210 44266
5818 17
55359 1281 66216 84011 40475 91785 98400 34960 32589 35342 70993 6644 14283 10087 51908 72617 63941
2759 18
39908 59588 22593 33693 20900 90412 43513 39207 10911 89978 49471 90172 76238 23359 23179 91442 32169 59994
3473 12
58628 74712 28388 97635 32208 16736 23666 89557 29757 95151 56850 87775
4954 10
16131 73161 21048 24713 10858 81777 47674 50514 77046 47863
6899 12
95073 51050 10095 83721 85338 7382 66671 56318 85529 14246 36977 66595
3932 14
35609 76902 56522 59960 50601 80363 64017 70752 82149 49927 29211 2929 77422 40438
2754 16
4700 71756 52108 65435 63882 64367 86571 64840 60594 64036 51675 69218 81834 65303 35310 70011
7568 13
62233 17092 62643 74596 27999 99280 95150 1043 90270 13940 98554 84207 47483
6528 14
25347 50675 47273 75647 95983 19149 26612 13492 15264 94286 7474 8991 31839 52222
42 14
89954 75467 5504 37126 27005 93173 83940 64401 8725 72038 29654 10211 4919 65467
6558 13
1310 29905 13742 92593 32443 38168 8947 35358 57102 63398 39113 18817 20371
7040 18
10448 63916 26840 81695 18632 20104 6429 68762 52031 40241 9114 12011 19113 15896 95228 40704 36601 80914
6134 17
88845 8314 20223 28511 15983 16441 83989 46847 72197 54442 58272 21341 84770 53746 3 93362 17304
6939 8
51405 22972 51249 36094 99366 84569 87628 31143
1367 17
46282 13827 45539 22765 36998 84147 66062 38559 9091 16532 15715 47353 98276 82433 75717 11608 91069
7618 15
39981 23735 31317 77323 62662 67558 96030 75698 79692 43327 172 35632 34172 98975 97723
8180 11
61325 28946 41992 78188 54818 9612 2533 75155 65147 50585 98201
4457 12
89928 29127 89588 90672 43625 29944 10762 39188 52833 87383 13166 74825
4355 17
55999 62148 73320 57430 45052 1478 7753 56024 50139 51294 98644 28851 13807 62132 26051 47254 60822
5138 16
60787 52796 57020 8507 8238 79360 56052 2221 10533 39655 91315 58099 50843 20745 48386 96137
3575 19
43838 12450 3658 45751 91824 417 87913 66158 141 26319 47007 18291 9800 25939 13730 41173 25555 90036 23965
4819 10
31965 81331 90984 557 60756 75208 60731 84548 26213 63796
5558 16
81428 23092 84504 85980 52752 80896 57283 98107 43492 55631 73892 25135 79856 489 13453 8906
3530 15
95931 48127 92725 43068 82559 94431 69424 13064 5875 28647 69212 94086 30514 57410 6552
9204 14
63140 97721 54110 41533 14911 60050 82570 77844 21536 23565 94816 1827 15641 59900
2007 16
81808 90276 15539 71235 34283 38015 9537 8237 86760 31316 12360 97125 35018 25632 61414 33004
7693 18
25314 38123 28229 44264 11113 77084 89295 57349 3799 63759 46440 68186 92043 61718 48395 47120 69254 11502
198 11
36870 79943 11316 19029 46140 9872 42091 40934 37953 64023 38878
6900 15
70957 61143 95188 26881 90465 40778 31425 33507 30226 17678 49873 65779 9796 56122 84837
8751 12
47966 98134 97838 72545 86186 14149 95125 2229 75430 64277 11360 5650
7438 17
92491 76815 1137 35463 42865 51686 85581 86426 50115 74677 82920 29776 7093 59314 89848 39760 60101
336 12
33376 95097 68306 69547 35413 708 45101 4456 4018 20031 78480 72530
3034 18
44302 45572 70245 1035 25349 50059 18416 28057 88522 91869 31629 64024 67044 64825 65198 41881 86482 97841
1815 16
39778 46231 11472 77584 53452 73409 66241 96408 32932 62223 72567 19271 20432 52911 7803 36287
3694 11
65797 5169 23734 15275 25839 18790 71694 41072 336 51636 6270
3212 17
88095 84954 4550 17702 36599 75898 15474 26592 29924 98398 9199 703 3318 85403 17078 55051 44512
4613 10
64159 4585 38373 64138 12729 81600 7768 61798 7670 69642
2137 18
70379 37854 56949 64790 14704 44632 36726 75376 26245 46404 93795 56775 24477 75016 88626 23019 70737 16397
3383 17
30985 72027 11404 62133 28849 79658 36904 10833 8105 55303 671 88326 8050 26786 77159 39015 90489
1147 14
60608 69938 45329 17399 65427 5415 93125 78191 51658 91386 61399 15800 5677 4463
1762 14
32857 35379 9439 6130 55553 4231 37863 63216 19368 74665 2787 36263 9533 96572
2865 17
62769 15962 42951 37273 23953 59338 22468 59061 54150 25546 39714 96130 38450 72684 49230 72801 78982
1458 10
20711 69893 25034 82004 84185 26866 35673 82976 57706 18413
9507 12
47750 61625 22639 76685 37861 43700 82357 50520 84733 38469 107 28393
3192 11
48592 87211 76950 97915 93968 37464 80379 30196 36237 2209 96441
1226 13
77342 44775 86281 44968 233 62617 22973 94276 96907 8998 64032 95939 75758
1910 14
75890 32105 38706 10968 90245 11762 90311 71281 40637 48246 83784 77121 44994 4959
7071 11
83596 32802 54358 83688 40860 49768 61317 93910 72570 67657 28620
6385 15
10866 97321 74546 96401 73316 91028 60313 62682 63976 27684 84616 43475 93346 63619 21740
1478 18
29736 81910 56764 95287 31959 59763 21990 29280 16091 11030 70272 94114 99281 44076 3165 94760 88154 16541
4535 16
77091 28322 69520 66425 25667 36600 7516 58582 4879 96236 23752 57008 17603 59703 30949 28816
371 13
48248 62569 12359 76661 76161 4481 97230 95536 49930 48435 10165 59367 94840
3726 11
60925 84645 55052 64035 32226 36631 28561 28990 85115 64529 98339
9726 15
94382 6513 34124 42702 97996 47767 90017 887 81474 97216 50 54185 14611 25351 39494
5620 16
18124 82065 53935 83182 73353 81003 64610 43796 35236 25599 57909 7954 47479 549 11003 44319
8450 17
48365 28509 74610 52759 25301 24474 12668 42454 60389 44254 28983 48071 18541 14602 46318 96231 40969
4473 17
42415 4317 53865 73746 26005 6122 50259 71325 49167 23389 43064 18569 91984 51623 80782 50710 77021
7362 17
11412 57617 33847 21542 98195 3232 90788 7678 18756 69386 57354 20268 41627 65453 37403 25474 44863
2325 19
72250 62375 84942 88131 164 356 77998 29651 99729 35649 78626 7115 62261 9016 89195 28641 96724 99825 67783
3906 11
83516 87685 94329 6030 36478 8468 1949 67311 45066 91591 49262
3163 17
41984 60958 20642 24492 38375 39621 8824 26781 61612 96248 37797 94062 2141 85243 18068 62759 71380
7785 11
54677 4026 41614 48557 59501 77242 35794 72110 59837 22157 46623
274 16
11253 76837 41942 20047 85834 63867 16922 68208 32735 93847 60929 78607 39445 78870 61834 25880
3478 17
19603 46573 84384 75878 27194 78047 56797 88298 14397 47361 87497 38160 67220 87468 27823 60296 82528
5568 13
11989 65855 66563 40116 15721 22644 72568 11333 86322 83113 17432 45053 67294
4418 19
8449 66886 80276 74273 23067 19468 13175 41108 76399 22534 86946 86187 60606 19681 39182 67755 33205 29282 57803
5451 8
24619 43091 96027 11394 84604 98744 66624 79931
6860 10
57414 50826 73758 60350 52824 27106 40502 85474 75756 94084
2780 11
54424 98827 70184 97426 40610 86432 47502 72895 3601 46232 99557
6017 18
47062 81823 80407 27909 76518 24947 23138 908 13927 76080 90235 97607 96869 90217 99079 44017 36596 99549
9809 12
7458 91995 81683 14461 76882 23774 41078 36806 8225 57612 68260 23340
4460 16
76084 82131 56836 43208 51201 95798 36327 54694 35789 42973 12804 69675 98425 25169 8319 96436
4381 18
21975 40460 75947 18215 3505 1852 49126 46161 24950 38524 47841 58217 4894 89736 1734 31979 50195 54841
8107 12
96377 32686 5915 53938 96135 43493 17453 33966 10439 5316 27140 94000
9235 10
33298 73539 18807 57604 75751 17945 17797 6052 21296 72012
6213 18
63457 77424 10865 13393 29136 94635 72552 46054 82724 63817 51875 9811 29045 32725 95472 58212 40932 82901
